                precision    recall  f1-score   support

           0       0.66      0.49      0.56      1916
           1       0.77      0.56      0.65       222
           2       0.59      0.37      0.46      2048
           3       0.85      0.86      0.85      3548
           4       0.50      0.63      0.55      2494
           5       0.76      0.80      0.78      1662
           6       0.57      0.69      0.62      2466

    accuracy                           0.66     14356
   macro avg       0.67      0.63      0.64     14356
weighted avg       0.67      0.66      0.65     14356